"Pattern1"	"Pattern2"	"Pattern3"	"Pattern4"	"Pattern5"	"MAP"	"PPDE"
"ENSMUSG00000001240_Ramp2"	5.71250128683628e-37	0.999999999989501	3.1191311747717e-53	6.40034197134222e-20	1.04987170401072e-11	"Pattern2"	1
"ENSMUSG00000022056_Adam7"	3.34215639593013e-22	1.49999573697865e-25	1	3.59441306643013e-25	1.88738503077533e-18	"Pattern3"	1
"ENSMUSG00000025431_Crisp1"	7.17980735763929e-135	6.70569823503373e-98	1	3.50091444733097e-96	2.5989711541872e-19	"Pattern3"	1
"ENSMUSG00000042096_Dao"	2.44751461244965e-48	1.16153543647783e-64	7.98071385563673e-24	0.999998576434226	1.42356577392832e-06	"Pattern4"	1
"ENSMUSG00000046834_Krt1"	6.25264909345117e-43	2.06282195281946e-37	1	7.33770764120733e-40	3.34343207314698e-18	"Pattern3"	1
"ENSMUSG00000061527_Krt5"	2.26718373677313e-93	2.42758710847185e-71	1	4.08954048230625e-70	3.89601089018514e-19	"Pattern3"	1
"ENSMUSG00000003051_Elf3"	1.04574203423155e-14	1.89119141540243e-28	1.38913684936814e-23	0.999999999999989	6.42919209224794e-17	"Pattern4"	0.999999999999989
"ENSMUSG00000002147_Stat6"	6.42511759122842e-11	0.994417225322586	7.0188401083526e-14	1.64741396931387e-06	0.00558112719912292	"Pattern2"	0.999999999935749
"ENSMUSG00000004651_Tyr"	6.8093385137895e-11	3.18153318101905e-18	0.999999999931907	5.58033844878833e-18	2.90661301039919e-18	"Pattern3"	0.999999999931907
"ENSMUSG00000030208_Emp1"	1.79572811276582e-10	0.999943209292331	2.06057364667867e-12	2.69014092952478e-11	5.67904991344301e-05	"Pattern2"	0.999999999820427
"ENSMUSG00000074037_Mc1r"	4.95979900019915e-10	7.85117462596391e-19	0.99999999950402	4.21893268793065e-16	1.03888217129028e-17	"Pattern3"	0.99999999950402
"ENSMUSG00000058019_Ces5a"	5.53922223983236e-10	1.2977229731188e-17	0.999999999446078	2.21775339439246e-17	3.24409641574392e-18	"Pattern3"	0.999999999446078
"ENSMUSG00000026937_Lcn5"	4.77312454064542e-09	5.29331241428827e-17	0.999999995226875	8.81385626374284e-17	3.4181426121813e-18	"Pattern3"	0.999999995226876
"ENSMUSG00000078673_Mup19"	1.14219599695556e-08	0.99999998857804	3.2183549418723e-23	3.88944624077185e-19	3.61655948091125e-17	"Pattern2"	0.99999998857804
"ENSMUSG00000043164_Tmem212"	1.44553105459742e-08	1.30781295370288e-24	1.10933503581194e-12	0.999999985543571	9.00920954221369e-15	"Pattern4"	0.999999985544689
"ENSMUSG00000000532_Acvr1b"	2.77518183562636e-08	0.85344463199521	1.6312797703594e-11	0.0116036111267899	0.134951729109869	"Pattern2"	0.999999972248182
"ENSMUSG00000004044_Ptrf"	9.59486032303217e-08	0.0103614943665447	8.67313727674985e-12	0.974109027839984	0.0155293818361951	"Pattern4"	0.999999904051397
"ENSMUSG00000004562_Arhgef40"	1.33739357984839e-07	0.996336862993461	1.41971567826644e-10	4.18655174526047e-05	0.00362113760775703	"Pattern2"	0.999999866260642
"ENSMUSG00000023945_Slc5a7"	1.70217411598771e-07	0.998819832195628	4.73448458401343e-09	4.30228541381888e-09	0.00117998855019044	"Pattern2"	0.999999829782589
"ENSMUSG00000091921_B930041F14Rik"	3.3924412010308e-07	0.00062329225568038	0.9993763684496	1.54454579804722e-21	5.059910592383e-11	"Pattern3"	0.99999966075588
"ENSMUSG00000010592_Dazl"	3.48046639516409e-07	0.985667020270526	8.46474046420596e-07	0.000180708983556091	0.0141510762252316	"Pattern2"	0.99999965195336
"ENSMUSG00000094910_D430019H16Rik"	4.12434394114747e-07	0.999698132311063	8.7346348506493e-09	1.66843090451355e-08	0.000301429835598784	"Pattern2"	0.999999587565606
"ENSMUSG00000051855_Mest"	4.67047024325604e-07	0.999945265718642	4.28315942112036e-10	5.35102555515153e-09	5.42614549926505e-05	"Pattern2"	0.999999532952976
"ENSMUSG00000024589_Nedd4l"	5.2796163696124e-07	0.0768297956066637	0.667885251160036	1.08185835342613e-09	0.255284424189805	"Pattern3"	0.999999472038363
"ENSMUSG00000097636_5830416P10Rik"	6.3805166853563e-07	0.998235537884731	1.14747537813623e-06	3.5746621748929e-07	0.00176231912200444	"Pattern2"	0.999999361948331
"ENSMUSG00000037411_Serpine1"	7.69562446889096e-07	0.999561652808317	9.04256086075035e-10	8.33711893163178e-08	0.000437493353791172	"Pattern2"	0.999999230437553
"ENSMUSG00000044345_Marveld1"	8.26679181402028e-07	0.000785563678680653	1.29720267019898e-09	0.990617306220385	0.0085963021245503	"Pattern4"	0.999999173320819
"ENSMUSG00000045761_Fam179a"	1.81015061993292e-06	1.74801760980611e-22	9.02940761353164e-12	0.999998189840346	4.93858803014812e-15	"Pattern4"	0.99999818984938
"ENSMUSG00000039911_Spsb1"	1.8639059082276e-06	0.999233009969731	3.85677823468028e-07	2.32014003665823e-08	0.000764717245136868	"Pattern2"	0.999998136094092
"ENSMUSG00000047557_Lxn"	4.30611961791963e-06	9.27652438203498e-06	7.51804518885566e-08	0.9989710007976	0.00101534137794762	"Pattern4"	0.999995693880382
"ENSMUSG00000038375_Trp53inp2"	6.1846541817893e-06	0.970496279819563	1.71211460933346e-10	0.0241630535043945	0.00533448185064922	"Pattern2"	0.999993815345818
"ENSMUSG00000045333_Zfp423"	7.64310870760121e-06	0.973508086832999	4.15546603676765e-09	0.0089784174331159	0.0175058484697112	"Pattern2"	0.999992356891292
"ENSMUSG00000054146_Krt15"	9.35977120857943e-06	7.25492354811607e-15	0.999990640228773	1.10292605454797e-14	3.93093628290458e-18	"Pattern3"	0.999990640228791
"ENSMUSG00000065824_Gm26315"	1.06419069530211e-05	0.995173225359749	2.36896919034498e-06	4.83190986853399e-08	0.00481371544500852	"Pattern2"	0.999989358093047
"ENSMUSG00000022262_Dnah5"	1.16394468144716e-05	4.07617452205754e-08	4.79474747533477e-07	0.997389119569564	0.00259872074712846	"Pattern4"	0.999988360553186
"ENSMUSG00000032492_Pth1r"	1.33484820009172e-05	0.995442311273398	9.1897483271998e-08	0.000430733574991588	0.00411351477212642	"Pattern2"	0.999986651517999
"ENSMUSG00000020522_Mfap3"	1.34450644499872e-05	0.999741836425651	3.08891096234226e-08	3.72063921792414e-06	0.000240966981571233	"Pattern2"	0.99998655493555
"ENSMUSG00000040268_Plekha1"	1.40902362625428e-05	0.999443625431578	5.60150016574086e-06	6.94813088221025e-08	0.0005366133506847	"Pattern2"	0.999985909763737
"ENSMUSG00000042379_Esm1"	1.45325174407931e-05	0.995815779925049	2.25335967117237e-05	1.11892348220565e-07	0.00414704206845025	"Pattern2"	0.999985467482559
"ENSMUSG00000083701_Gm4912"	1.77294213975163e-05	0.886888768156576	8.32512963666724e-09	0.0688571108782034	0.0442363832186936	"Pattern2"	0.999982270578602
"ENSMUSG00000016194_Hsd11b1"	1.83265592884972e-05	0.999584743343964	6.64637546311478e-08	2.8842599922444e-05	0.000368021033070298	"Pattern2"	0.999981673440711
"ENSMUSG00000001029_Icam2"	1.85843249835283e-05	0.000372968709069501	1.74019585116508e-07	0.995413275841776	0.00419499710458549	"Pattern4"	0.999981415675017
"ENSMUSG00000020261_Slc36a1"	1.8633695845469e-05	0.999530380685436	1.53410320497097e-07	2.72906284619387e-06	0.000448103145551454	"Pattern2"	0.999981366304155
"ENSMUSG00000041187_Prkd2"	1.98291960258998e-05	1.52775932526294e-06	2.17943857693507e-06	0.999246766999166	0.000729696606906108	"Pattern4"	0.999980170803974
"ENSMUSG00000036144_Meox2"	2.1986752390628e-05	1.53514626428888e-06	1.58138413236056e-05	0.998171799995176	0.00178886426484497	"Pattern4"	0.999978013247609
"ENSMUSG00000024526_Cidea"	2.53522126660221e-05	0.996664835227504	7.55452417719341e-05	9.31895963868539e-07	0.00323333542209413	"Pattern2"	0.999974647787334
"ENSMUSG00000005994_Tyrp1"	2.63859673896121e-05	0.000314600924929176	0.981557106795854	0.000329645535243256	0.0177722607765839	"Pattern3"	0.99997361403261
"ENSMUSG00000098369_RP23-100J17.7"	3.75931749084494e-05	2.10236219912886e-11	0.999962406804063	3.62034928773847e-21	4.72281745950834e-15	"Pattern3"	0.999962406825091
"ENSMUSG00000034175_Rhbdd3"	4.65110513966311e-05	0.997513141806499	0.000172079294785667	2.82583282110749e-07	0.002267985264037	"Pattern2"	0.999953488948603
"ENSMUSG00000035910_Dcdc2a"	4.93467093324241e-05	6.07547689040162e-08	2.82699896493666e-07	0.999304053613243	0.000646256222759038	"Pattern4"	0.999950653290668
"ENSMUSG00000018581_Dnah11"	5.42189961571728e-05	2.93628242973011e-07	4.21374964270561e-06	0.995503091506051	0.00443818211990647	"Pattern4"	0.999945781003843
"ENSMUSG00000024481_4833403I15Rik"	6.69091469546427e-05	0.998081739727176	1.92147841957517e-06	6.80571728833047e-05	0.00178137247456613	"Pattern2"	0.999933090853045
"ENSMUSG00000027376_Prom2"	7.05281707787228e-05	5.11586575586587e-07	2.06024041592704e-05	0.991727620996992	0.00818073684149423	"Pattern4"	0.999929471829221
"ENSMUSG00000040205_Cuzd1"	7.3797570396433e-05	3.52464082541574e-07	8.33318374715247e-05	0.990963016043219	0.00887950208483076	"Pattern4"	0.999926202429604
"ENSMUSG00000032125_Robo4"	9.60277941328473e-05	0.00109270747264083	2.70220175345853e-07	0.995822323955125	0.00298867055792606	"Pattern4"	0.999903972205867
"ENSMUSG00000031984_2810004N23Rik"	0.00010403966935904	0.000104854519705137	4.38450508207874e-07	0.99754419516678	0.00224647219364764	"Pattern4"	0.999895960330641
"ENSMUSG00000025381_Cnpy2"	0.000108070603051317	0.999075215888529	1.76590863183896e-05	1.98921378077385e-06	0.00079706520832074	"Pattern2"	0.999891929396949
"ENSMUSG00000028001_Fga"	0.000123892681613062	0.995686832668142	2.15227743619159e-07	3.60969227077079e-05	0.00415296249979323	"Pattern2"	0.999876107318387
"ENSMUSG00000020108_Ddit4"	0.000124801876774686	0.99958086969886	3.09549094225468e-07	9.99702164639297e-07	0.000293019173106644	"Pattern2"	0.999875198123225
"ENSMUSG00000027356_Fermt1"	0.000143917686300326	9.7448262731044e-07	2.62115340691481e-05	0.992838655093147	0.0069902412038562	"Pattern4"	0.9998560823137
"ENSMUSG00000047230_Cldn2"	0.000150558820917748	3.50040458078663e-07	3.27071176053482e-06	0.998208111288324	0.00163770913853988	"Pattern4"	0.999849441179082
"ENSMUSG00000068270_Shroom4"	0.000151347206158533	0.998736522233192	4.8310056913745e-06	5.00944353106682e-06	0.00110229011142724	"Pattern2"	0.999848652793841
"ENSMUSG00000031351_Zfp185"	0.000167117011417398	0.0174338534947028	0.965087628683436	3.40455647807742e-07	0.0173110603547964	"Pattern3"	0.999832882988583
"ENSMUSG00000057440_Mpp7"	0.000168616898846954	0.998709792626385	3.11015970085156e-07	0.000128212738788806	0.0009930667200088	"Pattern2"	0.999831383101153
"ENSMUSG00000027490_E2f1"	0.000172405757943315	0.000304421565542637	1.04786485280658e-06	0.997742725464567	0.00177939934709393	"Pattern4"	0.999827594242057
"ENSMUSG00000026222_Sp100"	0.00017653104343509	5.38214028592094e-07	0.992873819244233	0.00125410930593936	0.00569500219236391	"Pattern3"	0.999823468956565
"ENSMUSG00000047021_Ccdc108"	0.000188714259396113	6.04362900801027e-07	4.88957039730164e-06	0.997646761373002	0.00215903043430404	"Pattern4"	0.999811285740604
"ENSMUSG00000009470_Tnpo1"	0.000196978857061702	0.000120306187447547	0.998111651000947	1.75522253128569e-06	0.00156930873201217	"Pattern3"	0.999803021142938
"ENSMUSG00000055137_5033411D12Rik"	0.000198889175817496	0.997632890861023	6.32235639907605e-05	1.12883240974788e-05	0.00209370807507152	"Pattern2"	0.999801110824182
"ENSMUSG00000022759_4930451C15Rik"	0.000226956143357939	1.56563508696878e-06	1.07350251127455e-05	0.995302751595009	0.00445799160143373	"Pattern4"	0.999773043856642
"ENSMUSG00000003617_Cp"	0.000232004515035253	0.999501248771467	1.54489023047782e-06	2.63762919586457e-05	0.000238825531308678	"Pattern2"	0.999767995484965
"ENSMUSG00000018340_Anxa6"	0.000274483598057642	0.999615964669935	4.42491192625986e-07	5.08716822409994e-06	0.000104022072590314	"Pattern2"	0.999725516401942
"ENSMUSG00000033998_Kcnk1"	0.000274906257739761	1.9173383906793e-06	8.20535435935075e-05	0.991259689455021	0.00838143340525543	"Pattern4"	0.99972509374226
"ENSMUSG00000054720_Lrrc8c"	0.000308306390990674	0.998494391091515	1.92858947029702e-05	3.67086156904519e-06	0.00117434576122251	"Pattern2"	0.999691693609009
"ENSMUSG00000067702_Tuba3a"	0.000341201786344013	0.938719197270561	2.80008683456016e-05	0.0253274910542067	0.0355841090205425	"Pattern2"	0.999658798213656
"ENSMUSG00000043760_Pkhd1"	0.000389565619125953	1.83326864149289e-06	8.79936781471694e-06	0.996944689608328	0.00265511213609	"Pattern4"	0.999610434380874
"ENSMUSG00000038587_Akap12"	0.000399533764630323	0.991507621577805	0.00451498214976508	2.30767105315709e-07	0.0035776317406939	"Pattern2"	0.99960046623537
"ENSMUSG00000022579_Gpihbp1"	0.000402143379067879	0.000832829848357891	9.97512104477989e-07	0.997176935516146	0.00158709374432371	"Pattern4"	0.999597856620932
"ENSMUSG00000036523_Greb1"	0.000460672441190429	2.41883186608584e-06	4.31996598398074e-06	0.997572588530461	0.00196000023049874	"Pattern4"	0.999539327558809
"ENSMUSG00000077450_Rab11b"	0.000473516255223124	4.5287472812746e-05	0.998723299012106	3.44321777518585e-06	0.000754454042082588	"Pattern3"	0.999526483744777
"ENSMUSG00000029155_Spata18"	0.000499197706556055	3.92916601999423e-20	5.82420185864641e-07	0.9995002198731	1.58616634000877e-13	"Pattern4"	0.999500802293444
"ENSMUSG00000031803_B3gnt3"	0.000536937780851607	0.0019633431183539	2.71001393677901e-06	0.993898438333103	0.00359857075375461	"Pattern4"	0.999463062219148
"ENSMUSG00000012350_Ehf"	0.000543366311701976	3.55428638976711e-06	2.7467270000362e-05	0.994937714021626	0.00448789811028218	"Pattern4"	0.999456633688298
"ENSMUSG00000066880_Zfp617"	0.000587874523413556	2.34963815398346e-05	1.86033146659712e-06	0.999121823936494	0.000264944827085824	"Pattern4"	0.999412125476586
"ENSMUSG00000059908_Mug1"	0.000716013456566546	0.996317600160246	1.05418590421481e-06	8.71289069433601e-05	0.00287820329034041	"Pattern2"	0.999283986543434
"ENSMUSG00000027223_Mapk8ip1"	0.000747096790568007	0.99583310716348	3.31684283994426e-06	0.001239344077349	0.0021771351257635	"Pattern2"	0.999252903209432
"ENSMUSG00000063065_Mapk3"	0.000759497483628788	7.74293301085646e-06	3.04265762842518e-05	0.998774454635802	0.000427878371274187	"Pattern4"	0.999240502516371
"ENSMUSG00000033032_Afap1l1"	0.000766025701836547	0.0610147530422805	9.73844441923313e-07	0.923630120799492	0.014588126611949	"Pattern4"	0.999233974298163
"ENSMUSG00000020142_Slc1a4"	0.000785309408943528	0.997975858398679	1.32044836485119e-06	0.00028221645520577	0.000955295288806927	"Pattern2"	0.999214690591056
"ENSMUSG00000020486_Sept4"	0.000790170794737801	1.62656999019792e-06	0.413979853627084	0.522142948881771	0.0630854001264175	"Pattern4"	0.999209829205262
"ENSMUSG00000034227_Foxj1"	0.00083455884860019	2.08265125036737e-06	2.51615552203958e-05	0.997140420601543	0.00199777634338618	"Pattern4"	0.9991654411514
"ENSMUSG00000074336_Apoc4"	0.000918060924701395	0.993540928141072	3.61744939526637e-06	0.000197201322450111	0.00534019216238168	"Pattern2"	0.999081939075299
"ENSMUSG00000027858_Tspan2"	0.000927995377347242	0.00452799381996889	3.46089125525736e-06	0.990247463098204	0.00429308681322445	"Pattern4"	0.999072004622653
"ENSMUSG00000042514_Klhl14"	0.000956352321626506	1.55589184764304e-19	1.04357784862463e-11	0.999043647667937	7.79855113960217e-16	"Pattern4"	0.999043647678374
"ENSMUSG00000038608_Dock10"	0.000998198093356153	0.997096436346046	0.000331919506447635	2.63530242073131e-06	0.00157081075172927	"Pattern2"	0.999001801906644
"ENSMUSG00000033208_S100b"	0.00100881275306981	0.996854699586429	1.68408081075332e-06	0.000454091207499053	0.00168071237219139	"Pattern2"	0.99899118724693
"ENSMUSG00000063130_Calml3"	0.00101235174011534	2.79318599249833e-06	1.83861653004113e-05	0.997187800693679	0.00177866821491236	"Pattern4"	0.998987648259885
"ENSMUSG00000013418_B4galnt2"	0.00101572438410213	8.68887145172578e-06	0.000116690114329634	0.991479339852317	0.00737955677779962	"Pattern4"	0.998984275615898
"ENSMUSG00000041323_Ak7"	0.00104589873141897	8.74974292746879e-06	1.6977973978258e-05	0.995545079504917	0.00338329404675807	"Pattern4"	0.998954101268581
"ENSMUSG00000060477_Irak2"	0.00108447835029688	0.896052762184899	0.0807088852397513	1.29735758195228e-06	0.0221525768674711	"Pattern2"	0.998915521649703
"ENSMUSG00000034390_Cmip"	0.00109078723320529	0.998126600814863	6.66820703848578e-05	5.34076691032584e-06	0.000710589114636428	"Pattern2"	0.998909212766795
"ENSMUSG00000037627_Rgs22"	0.00110759515186701	1.16987398246745e-19	2.91361234180428e-05	0.998863268723733	9.81459938499612e-13	"Pattern4"	0.998892404848133
"ENSMUSG00000027479_Mapre1"	0.00113537472300518	0.997981908651826	0.000164384461469362	2.63974039864157e-06	0.000715692423300327	"Pattern2"	0.998864625276995
"ENSMUSG00000046280_She"	0.00115159605662506	0.000125445280113587	5.47493433351724e-05	0.997077525316788	0.00159068400313828	"Pattern4"	0.998848403943375
"ENSMUSG00000029832_Nfe2l3"	0.0012458300791385	0.997214599213609	0.000113336105792837	4.89284145594418e-05	0.00137730618690032	"Pattern2"	0.998754169920862
"ENSMUSG00000028433_Ubap2"	0.00127622456770283	0.998102966522045	1.02404758783893e-05	3.73031245129048e-05	0.000573265309861242	"Pattern2"	0.998723775432297
"ENSMUSG00000019773_Fbxo5"	0.00135037928402243	5.25576875261399e-05	0.000323519657873832	0.995670221345187	0.00260332202539087	"Pattern4"	0.998649620715978
"ENSMUSG00000030678_Maz"	0.00136982541795916	8.67959267971543e-06	0.000310663141795792	0.99717203338119	0.00113879846637546	"Pattern4"	0.998630174582041
"ENSMUSG00000057346_Apol9a"	0.00137900664469121	0.995222183638125	1.28249000158866e-05	0.00108932882845717	0.00229665598871068	"Pattern2"	0.998620993355309
"ENSMUSG00000054422_Fabp1"	0.00138435405560389	0.992794871873468	4.43953868772594e-06	0.000236368453554478	0.00557996607868579	"Pattern2"	0.998615645944396
"ENSMUSG00000036853_Mcoln3"	0.00139370956266901	1.16537315208273e-05	0.00047439085542483	0.987854922251679	0.0102653235987065	"Pattern4"	0.998606290437331
"ENSMUSG00000054435_Gimap4"	0.0014683779923716	0.980132143638219	1.51014298602435e-06	0.0119194482044176	0.00647852002200608	"Pattern2"	0.998531622007628
"ENSMUSG00000024451_Arap3"	0.00148211789496734	0.000409850140223942	1.20720880125405e-05	0.996965717662637	0.00113024221415895	"Pattern4"	0.998517882105033
"ENSMUSG00000099250_Metazoa_SRP"	0.00149577927611445	0.997711584976422	5.63811951394463e-05	8.64245867664244e-07	0.000735390306456321	"Pattern2"	0.998504220723886
"ENSMUSG00000050315_Synpo2"	0.00156021175437414	0.997862116807478	1.13935104994479e-06	0.000132047173507069	0.000444484913590339	"Pattern2"	0.998439788245626
"ENSMUSG00000029701_Rbm28"	0.00161629854470829	0.998030864123114	4.81006106500257e-06	3.30507392803171e-05	0.000314976531832726	"Pattern2"	0.998383701455292
"ENSMUSG00000029151_Slc30a3"	0.0016738764416409	1.69230584287274e-05	0.000461424005853391	0.986616552799277	0.0112312236947997	"Pattern4"	0.998326123558359
"ENSMUSG00000035517_Tdrd7"	0.00167584016486011	0.99613646310472	0.000794952935635468	2.83104429272158e-06	0.00138991275049174	"Pattern2"	0.99832415983514
"ENSMUSG00000050074_Spink8"	0.0017287262549574	0.00250515993012665	0.964473589622506	0.00499998041912881	0.0262925437732809	"Pattern3"	0.998271273745043
"ENSMUSG00000061838_Suclg2"	0.00176770337940357	0.997525589499276	1.73911674355058e-05	8.97561334565408e-05	0.000599559820427847	"Pattern2"	0.998232296620596
"ENSMUSG00000028976_Slc2a5"	0.00179135944766991	0.97745722140852	8.64526367746795e-05	0.00984785266409082	0.0108171138429447	"Pattern2"	0.99820864055233
"ENSMUSG00000067235_H2-Q10"	0.00184933755791461	0.98947141468358	0.00542104755034209	5.15901753407967e-06	0.00325304119062883	"Pattern2"	0.998150662442086
"ENSMUSG00000027468_Defb22"	0.00186163707330925	2.43327667504211e-13	0.998138362926101	3.46635462756529e-13	4.89082199740001e-18	"Pattern3"	0.998138362926691
"ENSMUSG00000027474_Ccm2l"	0.00187765226921385	2.74738342220907e-05	0.000654583494598141	0.994988999461222	0.00245129094074416	"Pattern4"	0.998122347730786
"ENSMUSG00000026471_Mr1"	0.00198151952902609	0.995990814122237	8.15659309458137e-06	0.000756103367970948	0.00126340638767138	"Pattern2"	0.998018480470974
"ENSMUSG00000020609_Apob"	0.00212123756920414	0.994657655737099	3.32724603625195e-06	0.000233064160097917	0.0029847152875623	"Pattern2"	0.997878762430796
"ENSMUSG00000005836_Gata6"	0.00224831516988801	0.97432244241298	0.0150472553403523	6.42383719943518e-06	0.00837556323958013	"Pattern2"	0.997751684830112
"ENSMUSG00000028525_Pde4b"	0.0023190120423463	7.88411149687806e-06	0.25611026125939	0.69615341154675	0.0454094310400165	"Pattern4"	0.997680987957654
"ENSMUSG00000071550_Wdr52"	0.00238467465742055	6.71796781026539e-06	6.21878786886208e-05	0.995444306554387	0.00210211294169333	"Pattern4"	0.997615325342579
"ENSMUSG00000031133_Arhgef6"	0.00242903508794841	0.977043028816057	1.54314835462591e-06	0.0163928907419914	0.00413350220564876	"Pattern2"	0.997570964912052
"ENSMUSG00000032348_Gsta4"	0.00262277706511216	0.980289672368042	3.52491162423175e-06	0.0130262182056002	0.00405780744962182	"Pattern2"	0.997377222934888
"ENSMUSG00000045394_Epcam"	0.00272919962961562	1.22106504985313e-05	0.000236586181621084	0.992638407578908	0.0043835959593565	"Pattern4"	0.997270800370384
"ENSMUSG00000006494_Pdk1"	0.00282737213528232	0.996244306488753	2.24419465116285e-05	0.000226607090809808	0.000679272338643655	"Pattern2"	0.997172627864718
"ENSMUSG00000051314_Ffar2"	0.00290146901763529	0.968337043610322	1.15977034197882e-06	0.0247369870086985	0.00402334059300228	"Pattern2"	0.997098530982365
"ENSMUSG00000027318_Adam33"	0.00296505769289506	0.994948378919291	5.10353422806837e-05	0.000461608563276414	0.00157391948225716	"Pattern2"	0.997034942307105
"ENSMUSG00000029710_Ephb4"	0.0030663981268589	0.00139693616249335	9.41428363546621e-06	0.994130971033812	0.00139628039319978	"Pattern4"	0.996933601873141
"ENSMUSG00000063428_Ddo"	0.00313469973060393	0.990319357698461	1.34278146861982e-05	0.00358253906808729	0.00294997568816148	"Pattern2"	0.996865300269396
"ENSMUSG00000031881_Cdh16"	0.00341578735745187	1.04247621060814e-05	0.00016543568601445	0.993610337451122	0.00279801474330521	"Pattern4"	0.996584212642548
"ENSMUSG00000002997_Prkar2b"	0.00353510276326876	0.99627907071666	7.6781392474123e-05	1.40670212202135e-06	0.000107638425475295	"Pattern2"	0.996464897236731
"ENSMUSG00000016496_Cd274"	0.00363876246019514	0.995722472573043	3.42561431152098e-05	3.26891749318203e-05	0.000571819648714816	"Pattern2"	0.996361237539805
"ENSMUSG00000046718_Bst2"	0.00368448317022605	5.28518771072219e-05	0.993662389390493	0.000271400890289813	0.00232887467188417	"Pattern3"	0.996315516829774
"ENSMUSG00000006345_Ggt1"	0.00377733551922244	1.50489654595626e-05	0.000138225551638495	0.993032686407186	0.00303670355649386	"Pattern4"	0.996222664480778
"ENSMUSG00000018999_Slc35b4"	0.0038390316500571	0.995460370595678	8.79342540027753e-05	2.50876235171889e-05	0.000587575876745294	"Pattern2"	0.996160968349943
"ENSMUSG00000032783_Troap"	0.00385600090555586	0.0234693189644077	7.03494748821395e-05	0.959114356829116	0.0134899738260377	"Pattern4"	0.996143999094444
"ENSMUSG00000021702_Thbs4"	0.00417606762601108	0.00643063050713929	0.000348087963336656	0.979860036652442	0.00918517725107147	"Pattern4"	0.995823932373989
"ENSMUSG00000052534_Pbx1"	0.00419338835218132	0.980566710356098	0.0111564063677419	4.87165524081362e-06	0.00407862326873797	"Pattern2"	0.995806611647819
"ENSMUSG00000044201_Cdc25c"	0.0042004153623544	0.924117703224118	1.75921829712627e-05	0.0435281259230273	0.0281361633075293	"Pattern2"	0.995799584637646
"ENSMUSG00000020282_Rhbdf1"	0.00425606170000093	0.99505799266776	2.12251786140701e-05	0.000102876976884039	0.000561843476740915	"Pattern2"	0.995743938299999
"ENSMUSG00000005320_Fgfr4"	0.00439068163466009	3.32439719415329e-05	0.000849392035262203	0.986348062083742	0.00837862027439416	"Pattern4"	0.99560931836534
"ENSMUSG00000038298_Pdzk1"	0.00461103598462246	1.93833736143095e-05	0.000289074204139926	0.991244750880223	0.00383575555739994	"Pattern4"	0.995388964015378
"ENSMUSG00000040451_Sgms1"	0.00467824105036587	0.0571944191132397	0.925308474346164	1.00019198167792e-05	0.0128088635704133	"Pattern3"	0.995321758949634
"ENSMUSG00000022812_Gsk3b"	0.00470336194496655	0.993179596906003	0.000981274079764806	8.82350204116849e-06	0.00112694356722497	"Pattern2"	0.995296638055034
"ENSMUSG00000041268_Dmxl2"	0.00478507620440596	0.988088799765549	0.00465337894713737	6.42142648250084e-06	0.00246632365642481	"Pattern2"	0.995214923795594
"ENSMUSG00000089665_Fcor"	0.00480162120815821	0.983962200215904	5.26082429909278e-06	0.00885445141975981	0.00237646633187897	"Pattern2"	0.995198378791842
"ENSMUSG00000005718_Tfap4"	0.00487362504256606	0.992364455828008	0.00065925872876063	9.1110720633454e-05	0.00201154968003181	"Pattern2"	0.995126374957434
"ENSMUSG00000021360_Gcnt2"	0.00498724830182256	0.993167093126737	5.98561983375934e-06	0.00085558676432855	0.000984086187278158	"Pattern2"	0.995012751698177
"ENSMUSG00000032035_Ets1"	0.00507952464534475	0.000109385136494231	0.000167498307721692	0.993709959997673	0.000933631912766804	"Pattern4"	0.994920475354655
"ENSMUSG00000036814_Slc6a20a"	0.00539481532784703	5.72956378227422e-18	0.942947869853567	0.0516573147925903	2.59957806599751e-11	"Pattern3"	0.994605184672153
"ENSMUSG00000021081_Serpina1f"	0.00540039734048717	4.89690630689865e-13	0.994599602658335	6.88583927582327e-13	5.04418993292407e-18	"Pattern3"	0.994599602659513
"ENSMUSG00000044338_Aplnr"	0.00548160149635002	0.000225118749553164	0.000181794442653538	0.9933138319287	0.00079765338274282	"Pattern4"	0.99451839850365
"ENSMUSG00000021282_Eif5"	0.00561364811270987	7.35247622315586e-06	0.00116073807719074	0.992371698545873	0.000846562788002985	"Pattern4"	0.99438635188729
"ENSMUSG00000026976_Pax8"	0.00566136384776936	5.17424909301394e-05	0.000411142668014583	0.987006304427482	0.00686944656580372	"Pattern4"	0.994338636152231
"ENSMUSG00000022875_Kng1"	0.00587518250738973	0.994124817401396	2.26913659191912e-19	9.12136882539739e-11	6.07473500080138e-16	"Pattern2"	0.99412481749261
"ENSMUSG00000033860_Fgg"	0.00597401224047995	0.983460679294719	1.55324843948488e-05	0.00318942972532835	0.00736034625507784	"Pattern2"	0.99402598775952
"ENSMUSG00000045312_Lhfpl2"	0.0060734688124066	0.993768480989111	3.97965104038097e-05	3.5432280970375e-06	0.000114710459981735	"Pattern2"	0.993926531187593
"ENSMUSG00000022591_Gm9747"	0.00615564091016049	0.987809785269103	0.00335721185395216	3.69630794625032e-05	0.00264039888732215	"Pattern2"	0.99384435908984
"ENSMUSG00000026827_Gpd2"	0.00626769778256698	0.985957472149935	4.63530846718892e-06	0.00682942711595998	0.000940767643070432	"Pattern2"	0.993732302217433
"ENSMUSG00000025991_Cps1"	0.00634942802159006	0.990338051351083	1.10998631567362e-05	0.000465897811481153	0.00283552295268896	"Pattern2"	0.99365057197841
"ENSMUSG00000032135_Mcam"	0.00643217583154065	0.99322215220611	3.48076249639212e-06	0.000184591245394179	0.000157599954459123	"Pattern2"	0.993567824168459
"ENSMUSG00000028698_Pik3r3"	0.00644255872790851	9.16706391976224e-05	0.00118197955479237	0.989887646448883	0.00239614462921856	"Pattern4"	0.993557441272091
"ENSMUSG00000039364_Sectm1b"	0.00649756986696223	5.41546532228161e-05	9.65848794017349e-05	0.989941420153229	0.00341027044718442	"Pattern4"	0.993502430133038
"ENSMUSG00000033763_Mtss1l"	0.00657357646562865	0.992100324883412	0.00026259079956349	3.93617451739003e-05	0.00102414610622206	"Pattern2"	0.993426423534371
"ENSMUSG00000060519_Tor3a"	0.00664869047699673	0.00309628459570908	0.986467461980555	2.58903476989509e-05	0.00376167259904022	"Pattern3"	0.993351309523003
"ENSMUSG00000030359_Pzp"	0.00707112263293744	0.989488315926331	1.14064807755034e-05	0.000588735464847539	0.00284041949510859	"Pattern2"	0.992928877367063
"ENSMUSG00000046229_Scand1"	0.00713254309054282	0.990735915460486	0.000828203178168123	4.11432374056441e-05	0.00126219503339741	"Pattern2"	0.992867456909457
"ENSMUSG00000033831_Fgb"	0.00716612409841615	0.98832314139484	1.49522171680201e-05	0.000775531574647927	0.00372025071492777	"Pattern2"	0.992833875901584
"ENSMUSG00000028150_Rorc"	0.0074108754902388	0.988018672052836	0.00143640119143187	0.000360419084751919	0.00277363218074161	"Pattern2"	0.992589124509761
"ENSMUSG00000033004_Mycbp2"	0.0074144479955107	0.992305553556197	3.70118502926199e-06	0.000133707910335501	0.000142589352927143	"Pattern2"	0.992585552004489
"ENSMUSG00000097477_B430202K04Rik"	0.00774462869227365	0.989450408602911	0.000109140123597377	0.00130640462292901	0.00138941795828939	"Pattern2"	0.992255371307726
"ENSMUSG00000096674_Mup15"	0.00778849238676103	0.986742490583054	3.14926160173709e-05	0.000591540647777209	0.00484598376639016	"Pattern2"	0.992211507613239
"ENSMUSG00000010651_Acaa1b"	0.00779997520352965	0.000686698173562815	2.95811408371237e-05	0.990832269170438	0.000651476311631927	"Pattern4"	0.99220002479647
"ENSMUSG00000033715_Akr1c14"	0.00787619475769502	0.988798549978598	3.39592939031552e-05	0.000994949075029567	0.00229634689477435	"Pattern2"	0.992123805242305
"ENSMUSG00000028399_Ptprd"	0.00850720341897832	1.16765280323695e-05	0.0116757007287955	0.976472736527671	0.00333268279652272	"Pattern4"	0.991492796581022
"ENSMUSG00000022280_Rnf19a"	0.00859236753504806	0.974060790161918	2.94281978402934e-06	0.0156834790746485	0.00166042040860147	"Pattern2"	0.991407632464952
"ENSMUSG00000072849_Serpina1e"	0.00880429543572994	0.98926588535481	0.000102022356743322	3.20039927440488e-05	0.00179579285997259	"Pattern2"	0.99119570456427
"ENSMUSG00000032554_Trf"	0.00902113867767616	0.990877749386071	1.88608846880208e-06	8.29206736853441e-05	1.63051740985812e-05	"Pattern2"	0.990978861322324
"ENSMUSG00000028356_Ambp"	0.00906905298199763	0.976238186577272	4.08643353565139e-05	0.00413605009274686	0.0105158460126265	"Pattern2"	0.990930947018002
"ENSMUSG00000061718_Ppp1r1b"	0.00944739477796275	4.72054377838952e-05	4.44335852196234e-05	0.988948045463493	0.00151292073554092	"Pattern4"	0.990552605222037
"ENSMUSG00000021719_Rgs7bp"	0.00949977734980953	0.985476580663614	0.00287958119611062	1.80193893515781e-05	0.00212604140111411	"Pattern2"	0.99050022265019
"ENSMUSG00000022783_Spag6"	0.00966033293030127	0.000253881452344285	0.0334118549244952	0.910373136901898	0.0463007937909609	"Pattern4"	0.990339667069699
"ENSMUSG00000066839_Ecsit"	0.00982743106243358	0.000626365194016619	2.80570885916143e-05	0.988695817941526	0.000822328713431831	"Pattern4"	0.990172568937566
"ENSMUSG00000048038_4932418E24Rik"	0.00989782533724781	0.000155339283441743	0.00653417463410245	0.962319927410451	0.0210927333347571	"Pattern4"	0.990102174662752
"ENSMUSG00000033191_Tie1"	0.00993616701305349	0.000586286022004804	6.77085470763682e-05	0.988764364517401	0.000645473900464708	"Pattern4"	0.990063832986946
"ENSMUSG00000018932_Map2k3"	0.00995586272197864	0.492211949013301	4.94149966132866e-06	0.486499168853633	0.0113280779114263	"Pattern2"	0.990044137278021
"ENSMUSG00000021240_Abcd4"	0.0101544989676346	0.00103803268511359	0.985582427431656	9.96881841654799e-05	0.00312535273143058	"Pattern3"	0.989845501032365
"ENSMUSG00000017421_Zfp207"	0.0103028305543737	0.937547612664225	0.0473250324142474	6.49910384391612e-06	0.00481802526330975	"Pattern2"	0.989697169445626
"ENSMUSG00000024440_Pcdh12"	0.0107306759033881	0.00785513117672315	4.24036913830949e-05	0.978629018161961	0.00274277106654435	"Pattern4"	0.989269324096612
"ENSMUSG00000040811_Eml2"	0.0107450997076754	0.988125282868095	0.000228451362953476	0.000129677488028162	0.000771488573247928	"Pattern2"	0.989254900292325
"ENSMUSG00000006373_Pgrmc1"	0.0109542630993449	0.985927673588101	1.01465615938783e-05	0.00242539226532701	0.000682524485633674	"Pattern2"	0.989045736900655
"ENSMUSG00000028782_Bai2"	0.0114955641379763	0.980928977111658	0.00370407574934482	0.000138555498883608	0.00373282750213746	"Pattern2"	0.988504435862024
"ENSMUSG00000039552_Rsph4a"	0.0115383047881543	8.45141131330542e-05	0.000224946133070889	0.984529708521851	0.00362252644379065	"Pattern4"	0.988461695211846
"ENSMUSG00000017291_Taok1"	0.0116128896545242	0.00540461619760147	0.980708294904176	2.98670363350006e-05	0.00224433220736296	"Pattern3"	0.988387110345476
"ENSMUSG00000022376_Adcy8"	0.0119180556275326	4.48035646020525e-05	0.000327767008276552	0.985008980457043	0.00270039334254605	"Pattern4"	0.988081944372467
"ENSMUSG00000026785_Pkn3"	0.0121201089221704	0.00389164031973205	8.30331460834696e-05	0.981538722228768	0.00236649538324614	"Pattern4"	0.98787989107783
"ENSMUSG00000030236_Slco1b2"	0.0122044390198318	0.971261622321649	5.6312469877819e-05	0.00561702304513559	0.0108606031435053	"Pattern2"	0.987795560980168
"ENSMUSG00000070306_Ccdc153"	0.0124076987422393	0.000142562350177724	0.00933643653489023	0.96078119504156	0.0173321073311329	"Pattern4"	0.987592301257761
"ENSMUSG00000097554_Gm26825"	0.0127180899764978	0.00319648012803962	0.970564760216542	7.7081837077486e-05	0.0134435878418425	"Pattern3"	0.987281910023502
"ENSMUSG00000026413_Pkp1"	0.012790877741974	0.978898984821394	0.000899996712830798	0.000147056311920569	0.00726308441188084	"Pattern2"	0.987209122258026
"ENSMUSG00000000303_Cdh1"	0.0127923593723108	6.45174124621445e-05	0.000644798981651983	0.98248055267975	0.00401777155382539	"Pattern4"	0.987207640627689
"ENSMUSG00000020717_Pecam1"	0.0128869002336088	0.00257290077250779	1.45145445687762e-05	0.984060792351166	0.000464892098148704	"Pattern4"	0.987113099766391
"ENSMUSG00000017314_Mpp2"	0.0129578366951702	1.94901643173228e-05	0.735795124583181	0.23237790331473	0.0188496452426016	"Pattern3"	0.98704216330483
"ENSMUSG00000079015_Serpina1c"	0.0136291672548651	0.985110730483567	1.17824554622328e-05	0.000229270542518478	0.00101904926358703	"Pattern2"	0.986370832745135
"ENSMUSG00000031786_Ccdc135"	0.0136347564834775	0.000149841466028223	0.000367694703619474	0.980456662352983	0.00539104499389165	"Pattern4"	0.986365243516523
"ENSMUSG00000045515_Pou3f3"	0.0136664678235375	0.000139769816388534	0.000936690357199361	0.977781851775834	0.00747522022704113	"Pattern4"	0.986333532176463
"ENSMUSG00000024948_Map4k2"	0.0138228980478778	6.18521329051752e-05	0.979871830052492	0.00317330381699917	0.00307011594972581	"Pattern3"	0.986177101952122
"ENSMUSG00000073842_Mup7"	0.0138299047828943	0.984830298720244	1.34806620453412e-05	0.000231567406988973	0.00109474842782788	"Pattern2"	0.986170095217106
"ENSMUSG00000031665_Sall1"	0.0138379633870347	0.000126709397275986	0.00113613654938845	0.977510095579217	0.00738909508708359	"Pattern4"	0.986162036612965
"ENSMUSG00000025579_Gaa"	0.0142743683210257	0.98490767476546	7.97080711959524e-05	0.000284544886888845	0.000453703955430004	"Pattern2"	0.985725631678974
"ENSMUSG00000032514_Ttc21a"	0.0142958398184121	0.000122756635243516	0.000184675445577733	0.982056184702137	0.00334054339863019	"Pattern4"	0.985704160181588
"ENSMUSG00000004814_Ccl24"	0.0147140617518532	0.972574254417773	3.40494838294575e-05	0.0100314770812174	0.00264615726532665	"Pattern2"	0.985285938248147
"ENSMUSG00000027377_Mall"	0.0148012574418648	0.0104195725516141	7.66900545724189e-05	0.971121133815558	0.0035813461363905	"Pattern4"	0.985198742558135
"ENSMUSG00000006740_Kif5b"	0.014957551662116	0.00189329397898502	0.981684048290123	6.06825102575771e-05	0.00140442355851862	"Pattern3"	0.985042448337884
"ENSMUSG00000035916_Ptprq"	0.0150709928416969	0.982649986597081	7.77237868333329e-05	0.00133511622832306	0.000866180546065791	"Pattern2"	0.984929007158303
"ENSMUSG00000050105_Grrp1"	0.0153215294304944	9.94429459028149e-06	0.942826077381257	0.0377505399392936	0.00409190895436493	"Pattern3"	0.984678470569506
"ENSMUSG00000007836_Hnrnpa0"	0.0155961156178227	0.975040140557632	0.00752128442635332	2.05752283247969e-05	0.00182188416986738	"Pattern2"	0.984403884382177
"ENSMUSG00000043822_Adamtsl5"	0.0156111532653935	0.982634721140753	0.000516913951595746	0.000175159133780769	0.00106205250847658	"Pattern2"	0.984388846734606
"ENSMUSG00000043020_Wdr63"	0.0160178725894166	0.000484688973849077	0.000123275325078575	0.978144609454687	0.0052295536569683	"Pattern4"	0.983982127410583
"ENSMUSG00000009670_Tex11"	0.0161407086136838	0.958370653062872	0.000971106081528609	0.0159896772988399	0.00852785494307597	"Pattern2"	0.983859291386316
"ENSMUSG00000035539_E230008N13Rik"	0.0161819838109714	0.000169575776229824	0.00087255580241638	0.975807393263947	0.00696849134643576	"Pattern4"	0.983818016189029
"ENSMUSG00000032068_1600029D21Rik"	0.0162161882762866	7.59455377876386e-05	0.000167827012710199	0.981438371347328	0.00210166782588766	"Pattern4"	0.983783811723713
"ENSMUSG00000027198_Ext2"	0.01625337162421	0.0463200702279495	0.932125995914402	1.44100746118841e-05	0.00528615215882672	"Pattern3"	0.98374662837579
"ENSMUSG00000027236_Eif3j1"	0.0168333482236087	0.00209113527268037	0.978989156070563	0.000110914608962168	0.00197544582418544	"Pattern3"	0.983166651776391
"ENSMUSG00000013415_Igf2bp1"	0.0170829933523948	0.968242436324573	0.00544119552171657	0.00210677420700898	0.0071266005943066	"Pattern2"	0.982917006647605
"ENSMUSG00000097634_Gm26827"	0.0175969435408584	0.962804166616555	0.00689373650480983	0.00266607921963184	0.0100390741181447	"Pattern2"	0.982403056459141
"ENSMUSG00000020424_Gatsl3"	0.0178209333861907	0.0103806181931644	7.20805518604596e-05	0.968650547876346	0.00307581999243817	"Pattern4"	0.982179066613809
"ENSMUSG00000031760_Mt3"	0.0179058799949196	0.000205492176763853	0.00804017131604739	0.958677150020141	0.0151713064921286	"Pattern4"	0.98209412000508
"ENSMUSG00000053153_Spag16"	0.0181225192156126	0.000158536842817609	0.000421795945606024	0.976884859525144	0.00441228847081991	"Pattern4"	0.981877480784387
"ENSMUSG00000046470_Sox18"	0.0184248496635763	0.000550922897863059	0.000324806502528535	0.979583558367555	0.00111586256847684	"Pattern4"	0.981575150336424
"ENSMUSG00000068009_Bpifb6"	0.018590359141133	0.97929725865164	0.000123563831127878	0.000227192573579489	0.00176162580251948	"Pattern2"	0.981409640858867
"ENSMUSG00000030492_Slc7a9"	0.0192809771583374	0.000129538616909662	0.000801894245273904	0.975071645461468	0.00471594451801093	"Pattern4"	0.980719022841663
"ENSMUSG00000022799_Arhgap31"	0.0198585261012103	0.937737935614964	1.08606659153435e-05	0.0390466355076464	0.00334604211026405	"Pattern2"	0.98014147389879
"ENSMUSG00000030838_Ush1c"	0.0198747076933784	0.000278922108133766	0.000553536484742479	0.972850828246381	0.00644200546736404	"Pattern4"	0.980125292306622
"ENSMUSG00000037798_Mat1a"	0.020615009939387	0.973414873336209	8.90897571291636e-05	0.00116321508948332	0.00471781187779116	"Pattern2"	0.979384990060613
"ENSMUSG00000030061_Uba3"	0.0209571830868612	0.514718380560691	0.448176748037677	2.50559368800777e-05	0.0161226323778908	"Pattern2"	0.979042816913139
"ENSMUSG00000098318_RP23-45G16.5"	0.0211812837349634	0.217243238695052	0.000205982398159964	0.733595279594357	0.027774215577467	"Pattern4"	0.978818716265037
"ENSMUSG00000041781_Cpsf2"	0.0222367031155765	0.973048952689052	0.00344709233907874	3.21369888798067e-05	0.00123511486741298	"Pattern2"	0.977763296884423
"ENSMUSG00000001131_Timp1"	0.0224440524347458	0.0130884833083273	0.000150170852689692	0.959974861346021	0.0043424320582165	"Pattern4"	0.977555947565254
"ENSMUSG00000037896_Rcor1"	0.0228222294354014	0.973898853012416	0.00292351960897482	6.04365303392978e-06	0.000349354290174209	"Pattern2"	0.977177770564599
"ENSMUSG00000036570_Fxyd1"	0.0230281267734276	0.0249993611161158	0.946146009015919	4.40375702979647e-05	0.00578246552423951	"Pattern3"	0.976971873226572
"ENSMUSG00000056752_Dnah9"	0.0230876226964021	0.000118562307793651	0.000413052577507312	0.973535411519623	0.00284535089867382	"Pattern4"	0.976912377303598
"ENSMUSG00000028556_Dock7"	0.0243781207344709	0.00756970370452844	0.966589924364097	2.88873794124817e-05	0.00143336381749128	"Pattern3"	0.975621879265529
"ENSMUSG00000022614_Lmf2"	0.0243803887701594	0.00125851279431779	0.000111202174640293	0.973361480820185	0.000888415440697474	"Pattern4"	0.975619611229841
"ENSMUSG00000018623_Mmp7"	0.024909954281192	5.11282022931685e-05	0.000382052855407973	0.973170563307651	0.00148630135345571	"Pattern4"	0.975090045718808
"ENSMUSG00000074768_Bhmt"	0.0252858454713973	0.97201224946341	4.74260021569495e-05	0.000644926197934518	0.0020095528651009	"Pattern2"	0.974714154528603
"ENSMUSG00000049154_Fam183b"	0.0253251873876461	0.000567506946606543	0.0339570098000683	0.906787584064938	0.0333627118007415	"Pattern4"	0.974674812612354
"ENSMUSG00000047534_Mis18bp1"	0.0254233215387022	0.105017614242832	0.000198914527695071	0.855150056316653	0.0142100933741183	"Pattern4"	0.974576678461298
"ENSMUSG00000040435_Ppp1r15a"	0.0256463754182369	0.973241457896226	0.000122141188810884	0.000485775599519453	0.00050424989720667	"Pattern2"	0.974353624581763
